
SUMMARISING RUN PARAMETERS
==========================
Input filename: fastqs/HC-01.fq.gz
Trimming mode: single-end
Trim Galore version: 0.6.6
Cutadapt version: 1.18
Python version: 3.7.6
Number of cores used for trimming: 4
Quality Phred score cutoff: 20
Quality encoding type selected: ASCII+33
Adapter sequence: 'AGATCGGAAGAGC' (Illumina TruSeq, Sanger iPCR; user defined)
Maximum trimming error rate: 0.1 (default)
Minimum required adapter overlap (stringency): 5 bp
Minimum required sequence length before a sequence gets removed: 20 bp
Output file will be GZIP compressed


This is cutadapt 1.18 with Python 3.7.6
Command line parameters: -j 4 -e 0.1 -q 20 -O 5 -a AGATCGGAAGAGC fastqs/HC-01.fq.gz
Processing reads on 4 cores in single-end mode ...
Finished in 152.65 s (6 us/read; 9.31 M reads/minute).

=== Summary ===

Total reads processed:              23,679,951
Reads with adapters:                 2,953,661 (12.5%)
Reads written (passing filters):    23,679,951 (100.0%)

Total basepairs processed: 2,391,675,051 bp
Quality-trimmed:             176,400,624 bp (7.4%)
Total written (filtered):  2,057,307,652 bp (86.0%)

=== Adapter 1 ===

Sequence: AGATCGGAAGAGC; Type: regular 3'; Length: 13; Trimmed: 2953661 times.

No. of allowed errors:
0-9 bp: 0; 10-13 bp: 1

Bases preceding removed adapters:
  A: 7.2%
  C: 4.4%
  G: 5.1%
  T: 8.1%
  none/other: 75.3%

Overview of removed sequences
length	count	expect	max.err	error counts
5	67052	23125.0	0	67052
6	58616	5781.2	0	58616
7	38785	1445.3	0	38785
8	44482	361.3	0	44482
9	38624	90.3	0	38416 208
10	34274	22.6	1	33457 817
11	31304	5.6	1	30639 665
12	30205	1.4	1	29602 603
13	25133	0.4	1	24632 501
14	25009	0.4	1	24487 522
15	23602	0.4	1	23038 564
16	23388	0.4	1	22678 710
17	24902	0.4	1	24095 807
18	21938	0.4	1	21310 628
19	12831	0.4	1	12461 370
20	15811	0.4	1	15278 533
21	16552	0.4	1	15936 616
22	12863	0.4	1	12345 518
23	15688	0.4	1	14758 930
24	12126	0.4	1	11104 1022
25	12628	0.4	1	11312 1316
26	11791	0.4	1	10274 1517
27	13498	0.4	1	10615 2883
28	11783	0.4	1	9519 2264
29	11130	0.4	1	8656 2474
30	10581	0.4	1	9300 1281
31	7529	0.4	1	5425 2104
32	9104	0.4	1	7069 2035
33	17389	0.4	1	5487 11902
34	10187	0.4	1	6624 3563
35	19300	0.4	1	6910 12390
36	13163	0.4	1	5110 8053
37	8859	0.4	1	5412 3447
38	8900	0.4	1	5413 3487
39	9971	0.4	1	3570 6401
40	18180	0.4	1	4351 13829
41	8534	0.4	1	5087 3447
42	5291	0.4	1	2595 2696
43	5166	0.4	1	2670 2496
44	17816	0.4	1	2294 15522
45	13499	0.4	1	2852 10647
46	8195	0.4	1	2765 5430
47	8642	0.4	1	2031 6611
48	12682	0.4	1	2045 10637
49	9540	0.4	1	2262 7278
50	9577	0.4	1	1533 8044
51	16732	0.4	1	1702 15030
52	17789	0.4	1	2031 15758
53	6804	0.4	1	1844 4960
54	8047	0.4	1	857 7190
55	9813	0.4	1	1114 8699
56	12960	0.4	1	1144 11816
57	18023	0.4	1	1141 16882
58	27374	0.4	1	1258 26116
59	14917	0.4	1	1620 13297
60	29017	0.4	1	885 28132
61	38307	0.4	1	1310 36997
62	103005	0.4	1	1713 101292
63	130171	0.4	1	4043 126128
64	61196	0.4	1	4031 57165
65	60082	0.4	1	1973 58109
66	103724	0.4	1	2143 101581
67	212516	0.4	1	3352 209164
68	344984	0.4	1	7341 337643
69	555733	0.4	1	11525 544208
70	165682	0.4	1	18272 147410
71	48327	0.4	1	4045 44282
72	25567	0.4	1	1541 24026
73	8483	0.4	1	620 7863
74	5077	0.4	1	258 4819
75	3261	0.4	1	146 3115
76	2917	0.4	1	121 2796
77	2772	0.4	1	129 2643
78	2213	0.4	1	94 2119
79	2004	0.4	1	81 1923
80	1648	0.4	1	76 1572
81	1398	0.4	1	50 1348
82	1224	0.4	1	54 1170
83	1321	0.4	1	57 1264
84	1263	0.4	1	71 1192
85	1071	0.4	1	46 1025
86	1158	0.4	1	42 1116
87	1150	0.4	1	50 1100
88	1125	0.4	1	69 1056
89	1129	0.4	1	75 1054
90	1046	0.4	1	63 983
91	1188	0.4	1	62 1126
92	1242	0.4	1	52 1190
93	1352	0.4	1	98 1254
94	1455	0.4	1	121 1334
95	1549	0.4	1	111 1438
96	1829	0.4	1	104 1725
97	1994	0.4	1	120 1874
98	2097	0.4	1	125 1972
99	2258	0.4	1	183 2075
100	4243	0.4	1	545 3698
101	17304	0.4	1	2640 14664


RUN STATISTICS FOR INPUT FILE: fastqs/HC-01.fq.gz
=============================================
23679951 sequences processed in total
Sequences removed because they became shorter than the length cutoff of 20 bp:	2233775 (9.4%)

