
SUMMARISING RUN PARAMETERS
==========================
Input filename: fastqs/HC-04.fq.gz
Trimming mode: single-end
Trim Galore version: 0.6.6
Cutadapt version: 1.18
Python version: 3.7.6
Number of cores used for trimming: 4
Quality Phred score cutoff: 20
Quality encoding type selected: ASCII+33
Adapter sequence: 'AGATCGGAAGAGC' (Illumina TruSeq, Sanger iPCR; user defined)
Maximum trimming error rate: 0.1 (default)
Minimum required adapter overlap (stringency): 5 bp
Minimum required sequence length before a sequence gets removed: 20 bp
Output file will be GZIP compressed


This is cutadapt 1.18 with Python 3.7.6
Command line parameters: -j 4 -e 0.1 -q 20 -O 5 -a AGATCGGAAGAGC fastqs/HC-04.fq.gz
Processing reads on 4 cores in single-end mode ...
Finished in 186.43 s (6 us/read; 9.34 M reads/minute).

=== Summary ===

Total reads processed:              29,031,879
Reads with adapters:                 7,783,943 (26.8%)
Reads written (passing filters):    29,031,879 (100.0%)

Total basepairs processed: 2,932,219,779 bp
Quality-trimmed:             349,471,694 bp (11.9%)
Total written (filtered):  2,100,876,306 bp (71.6%)

=== Adapter 1 ===

Sequence: AGATCGGAAGAGC; Type: regular 3'; Length: 13; Trimmed: 7783943 times.

No. of allowed errors:
0-9 bp: 0; 10-13 bp: 1

Bases preceding removed adapters:
  A: 1.6%
  C: 1.0%
  G: 1.3%
  T: 1.7%
  none/other: 94.4%

Overview of removed sequences
length	count	expect	max.err	error counts
5	46941	28351.4	0	46941
6	36905	7087.9	0	36905
7	23295	1772.0	0	23295
8	26275	443.0	0	26275
9	21443	110.7	0	21188 255
10	19694	27.7	1	19135 559
11	17388	6.9	1	16944 444
12	17254	1.7	1	16923 331
13	13331	0.4	1	13064 267
14	14252	0.4	1	13905 347
15	12340	0.4	1	11979 361
16	11209	0.4	1	10790 419
17	12385	0.4	1	11855 530
18	10724	0.4	1	10330 394
19	6977	0.4	1	6516 461
20	8647	0.4	1	8001 646
21	8163	0.4	1	7481 682
22	7820	0.4	1	7219 601
23	8324	0.4	1	6680 1644
24	7705	0.4	1	5047 2658
25	8626	0.4	1	5728 2898
26	10449	0.4	1	5239 5210
27	16187	0.4	1	5735 10452
28	11889	0.4	1	4848 7041
29	10988	0.4	1	4509 6479
30	8986	0.4	1	5077 3909
31	11631	0.4	1	2845 8786
32	13238	0.4	1	3471 9767
33	52853	0.4	1	3164 49689
34	197126	0.4	1	3775 193351
35	104389	0.4	1	3085 101304
36	49984	0.4	1	4357 45627
37	61155	0.4	1	4998 56157
38	20782	0.4	1	8702 12080
39	14445	0.4	1	2281 12164
40	19990	0.4	1	2985 17005
41	11275	0.4	1	4622 6653
42	7811	0.4	1	3243 4568
43	6062	0.4	1	1766 4296
44	20420	0.4	1	1410 19010
45	21024	0.4	1	2081 18943
46	13753	0.4	1	2303 11450
47	15684	0.4	1	1546 14138
48	29437	0.4	1	2066 27371
49	24748	0.4	1	2535 22213
50	29315	0.4	1	1532 27783
51	43459	0.4	1	2169 41290
52	53302	0.4	1	2948 50354
53	18080	0.4	1	3320 14760
54	23111	0.4	1	1389 21722
55	31469	0.4	1	2161 29308
56	37475	0.4	1	2696 34779
57	51847	0.4	1	2163 49684
58	101887	0.4	1	2798 99089
59	50374	0.4	1	4284 46090
60	83587	0.4	1	2358 81229
61	146514	0.4	1	3930 142584
62	337812	0.4	1	6013 331799
63	389230	0.4	1	13243 375987
64	216337	0.4	1	14178 202159
65	191897	0.4	1	8009 183888
66	339059	0.4	1	7728 331331
67	724846	0.4	1	12770 712076
68	1080190	0.4	1	29298 1050892
69	1724429	0.4	1	42020 1682409
70	493282	0.4	1	60572 432710
71	177871	0.4	1	13997 163874
72	76213	0.4	1	4421 71792
73	22537	0.4	1	1687 20850
74	15868	0.4	1	855 15013
75	9249	0.4	1	475 8774
76	8557	0.4	1	438 8119
77	7916	0.4	1	432 7484
78	6716	0.4	1	322 6394
79	6022	0.4	1	319 5703
80	5530	0.4	1	270 5260
81	4388	0.4	1	263 4125
82	3642	0.4	1	262 3380
83	3531	0.4	1	204 3327
84	3357	0.4	1	213 3144
85	3176	0.4	1	236 2940
86	3124	0.4	1	227 2897
87	3388	0.4	1	284 3104
88	3533	0.4	1	274 3259
89	3361	0.4	1	320 3041
90	3465	0.4	1	347 3118
91	3379	0.4	1	303 3076
92	3954	0.4	1	287 3667
93	4444	0.4	1	395 4049
94	4198	0.4	1	561 3637
95	4734	0.4	1	581 4153
96	5810	0.4	1	1133 4677
97	7047	0.4	1	1816 5231
98	8514	0.4	1	2732 5782
99	9588	0.4	1	1215 8373
100	23134	0.4	1	4637 18497
101	76191	0.4	1	21706 54485


RUN STATISTICS FOR INPUT FILE: fastqs/HC-04.fq.gz
=============================================
29031879 sequences processed in total
Sequences removed because they became shorter than the length cutoff of 20 bp:	7370471 (25.4%)

