
SUMMARISING RUN PARAMETERS
==========================
Input filename: fastqs/Lung-01.fq.gz
Trimming mode: single-end
Trim Galore version: 0.6.6
Cutadapt version: 1.18
Python version: 3.7.6
Number of cores used for trimming: 4
Quality Phred score cutoff: 20
Quality encoding type selected: ASCII+33
Adapter sequence: 'AGATCGGAAGAGC' (Illumina TruSeq, Sanger iPCR; user defined)
Maximum trimming error rate: 0.1 (default)
Minimum required adapter overlap (stringency): 5 bp
Minimum required sequence length before a sequence gets removed: 20 bp
Output file will be GZIP compressed


This is cutadapt 1.18 with Python 3.7.6
Command line parameters: -j 4 -e 0.1 -q 20 -O 5 -a AGATCGGAAGAGC fastqs/Lung-01.fq.gz
Processing reads on 4 cores in single-end mode ...
Finished in 203.24 s (7 us/read; 8.35 M reads/minute).

=== Summary ===

Total reads processed:              28,274,822
Reads with adapters:                 3,558,707 (12.6%)
Reads written (passing filters):    28,274,822 (100.0%)

Total basepairs processed: 2,855,757,022 bp
Quality-trimmed:             161,779,845 bp (5.7%)
Total written (filtered):  2,493,622,559 bp (87.3%)

=== Adapter 1 ===

Sequence: AGATCGGAAGAGC; Type: regular 3'; Length: 13; Trimmed: 3558707 times.

No. of allowed errors:
0-9 bp: 0; 10-13 bp: 1

Bases preceding removed adapters:
  A: 4.9%
  C: 4.2%
  G: 4.4%
  T: 4.4%
  none/other: 82.2%

Overview of removed sequences
length	count	expect	max.err	error counts
5	70409	27612.1	0	70409
6	57224	6903.0	0	57224
7	37757	1725.8	0	37757
8	41568	431.4	0	41568
9	36370	107.9	0	35951 419
10	32171	27.0	1	31352 819
11	29375	6.7	1	28717 658
12	27649	1.7	1	27161 488
13	22601	0.4	1	22160 441
14	20521	0.4	1	20101 420
15	20217	0.4	1	19720 497
16	17735	0.4	1	17225 510
17	19106	0.4	1	18522 584
18	16187	0.4	1	15754 433
19	11026	0.4	1	10674 352
20	13424	0.4	1	12985 439
21	12498	0.4	1	12055 443
22	10924	0.4	1	10482 442
23	11373	0.4	1	10486 887
24	9214	0.4	1	8009 1205
25	9667	0.4	1	8406 1261
26	10611	0.4	1	7523 3088
27	11533	0.4	1	7754 3779
28	9275	0.4	1	6735 2540
29	9156	0.4	1	6178 2978
30	8261	0.4	1	6541 1720
31	7541	0.4	1	4295 3246
32	8762	0.4	1	5784 2978
33	34410	0.4	1	3715 30695
34	11842	0.4	1	4519 7323
35	15205	0.4	1	3364 11841
36	10563	0.4	1	4224 6339
37	22176	0.4	1	5756 16420
38	16231	0.4	1	4431 11800
39	15115	0.4	1	4447 10668
40	25621	0.4	1	4566 21055
41	19023	0.4	1	5378 13645
42	19570	0.4	1	5044 14526
43	15846	0.4	1	3047 12799
44	55407	0.4	1	2506 52901
45	33679	0.4	1	4562 29117
46	15769	0.4	1	3378 12391
47	14399	0.4	1	1956 12443
48	24745	0.4	1	2139 22606
49	14411	0.4	1	2748 11663
50	12687	0.4	1	1303 11384
51	30410	0.4	1	1579 28831
52	22090	0.4	1	2919 19171
53	8120	0.4	1	2518 5602
54	8469	0.4	1	844 7625
55	10457	0.4	1	1217 9240
56	20336	0.4	1	1453 18883
57	20957	0.4	1	1895 19062
58	32499	0.4	1	1797 30702
59	15507	0.4	1	2496 13011
60	25728	0.4	1	1267 24461
61	35142	0.4	1	1948 33194
62	103116	0.4	1	2768 100348
63	99467	0.4	1	7127 92340
64	44939	0.4	1	6089 38850
65	49332	0.4	1	2973 46359
66	91599	0.4	1	3657 87942
67	184142	0.4	1	5942 178200
68	361632	0.4	1	13207 348425
69	793232	0.4	1	26328 766904
70	297613	0.4	1	49488 248125
71	132519	0.4	1	16697 115822
72	58839	0.4	1	6794 52045
73	22449	0.4	1	3461 18988
74	7261	0.4	1	808 6453
75	4623	0.4	1	457 4166
76	4330	0.4	1	382 3948
77	4159	0.4	1	427 3732
78	3278	0.4	1	315 2963
79	2978	0.4	1	248 2730
80	2160	0.4	1	200 1960
81	1806	0.4	1	179 1627
82	1636	0.4	1	151 1485
83	1432	0.4	1	136 1296
84	1419	0.4	1	149 1270
85	1392	0.4	1	140 1252
86	1329	0.4	1	145 1184
87	1279	0.4	1	155 1124
88	1437	0.4	1	183 1254
89	1452	0.4	1	243 1209
90	1467	0.4	1	230 1237
91	1586	0.4	1	217 1369
92	1790	0.4	1	279 1511
93	1732	0.4	1	280 1452
94	1960	0.4	1	374 1586
95	2183	0.4	1	363 1820
96	2642	0.4	1	633 2009
97	3120	0.4	1	712 2408
98	4004	0.4	1	837 3167
99	4800	0.4	1	1354 3446
100	11221	0.4	1	4187 7034
101	42783	0.4	1	18731 24052


RUN STATISTICS FOR INPUT FILE: fastqs/Lung-01.fq.gz
=============================================
28274822 sequences processed in total
Sequences removed because they became shorter than the length cutoff of 20 bp:	2934608 (10.4%)

